fpt_analysis/fpt_analysis_1yta_wt/  : 0.15500 0.10500 0.20500
fpt_analysis/fpt_analysis_1yta_fast/: 0.18500 0.13500 0.24000
fpt_analysis/fpt_analysis_1yta_slow/: 0.09500 0.05500 0.14000